Set DPI to 200 (min)

10 00 80 51 12 01 00
11 00 82 a0 02 00 00 00 00 00 00 00 00 00 01 00 00 00 00 00
10 00 80 a1 01 00 00
11 00 92 00 01 00 00 00 00 00 4a 00 00 04 04 00 00 00 00 00
11 00 93 01 00 00 00 00 00 00 00 00 00 00 00 00 00 00 80 01
11 00 93 02 10 01 01 2c 02 58 64 ff bc 00 09 31 81 01 00 81
11 00 93 03 02 00 81 04 00 81 08 00 81 10 00 81 20 00 81 40
11 00 93 04 00 83 03 00 81 00 01 81 00 02 81 00 04 81 00 08
11 00 93 05 81 00 10 00 00 00 00 00 00 00 00 00 00 00 00 00
10 00 80 0f 01 00 00
10 00 80 51 12 01 00
10 00 80 51 12 01 00
10 00 80 51 11 01 00
