Change value in onboard profile

10 00 80 0f   ff 00 00
10 00 80 a1   01 00 00
11 00 92 00   01 00 00 00 00 01 00 00 00 08 08 22 11 10 10 22
11 00 93 01   12 14 14 22 22 20 20 12 22 40 40 12 21 82 80 ff
11 00 93 02   10 02 01 2c 02 58 64 ff bc 00 09 31 81 01 00 81
11 00 93 03   02 00 81 04 00 81 08 00 81 10 00 81 20 00 81 40
11 00 93 04   00 83 03 00 83 08 00 83 04 00 83 11 00 81 01 00
11 00 93 05   83 02 00 4c 47 53 30 32 50 00 72 00 6f 00 66 00
11 00 93 06   69 00 6c 00 65 00 20 00 31 00 00 00 00 00 00 00
11 00 93 07   00 00 00 00 00 00 00 00 00 00 00 00 00 00 00 00
11 00 93 08   00 00 00 00 00 00 00 00 00 00 00 00 00 00 00 00
11 00 93 09   00 00 00 00 00 00 00 00 00 00 00 00 00 00 00 00
11 00 93 0a   00 00 00 00 00 00 00 00 00 00 00 00 00 00 00 00
11 00 93 0b   00 00 00 00 00 00 00 00 00 00 00 00 00 00 00 00
11 00 93 0c   00 00 00 00 00 00 00 00 00 00 00 00 00 00 00 00
11 00 93 0d   00 00 00 00 00 00 00 00 00 00 00 00 00 00 00 00
11 00 93 0e   00 00 00 00 00 00 00 00 00 00 00 00 00 00 00 00
11 00 93 0f   00 00 00 00 00 00 00 00 00 00 00 00 00 00 00 00
11 00 93 10   00 00 00 00 00 00 00 00 00 00 00 00 00 00 00 00
11 00 82 a0   02 00 00 00 00 00 02 00 00 00 01 00 00 00 00 00
11 00 82 a0   03 00 00 00 00 00 02 00 00 00 01 00 00 00 00 00
10 00 80 a1   01 00 00
11 00 92 00   01 00 00 00 00 01 00 00 00 00 00 00 00 00 00 00
11 00 93 01   00 00 00 00 00 00 00 00 00 00 00 00 00 00 00 00
11 00 93 02   00 00 00 00 00 00 00 00 00 00 00 00 00 00 00 00
11 00 93 03   00 00 00 00 00 00 00 00 00 00 00 00 00 00 00 00
11 00 93 04   00 00 00 00 00 00 00 00 00 00 00 00 00 00 00 00
11 00 93 05   00 00 00 00 00 00 00 00 00 00 00 00 00 00 00 00
11 00 93 06   00 00 00 00 00 00 00 00 00 00 00 00 00 00 00 00
11 00 93 07   00 00 00 00 00 00 00 00 00 00 00 00 00 00 00 00
11 00 93 08   00 00 00 00 00 00 00 00 00 00 00 00 00 00 00 00
11 00 93 09   00 00 00 00 00 00 00 00 00 00 00 00 00 00 00 00
11 00 93 0a   00 00 00 00 00 00 00 00 00 00 00 00 00 00 00 00
11 00 93 0b   00 00 00 00 00 00 00 00 00 00 00 00 00 00 00 00
11 00 93 0c   00 00 00 00 00 00 00 00 00 00 00 00 00 00 00 00
11 00 93 0d   00 00 00 00 00 00 00 00 00 00 00 00 00 00 00 00
11 00 93 0e   00 00 00 00 00 00 00 00 00 00 00 00 00 00 00 00
11 00 93 0f   00 00 00 00 00 00 00 00 00 00 00 00 ff ff ff ff
11 00 93 10   ff ff ff ff ff ff ff d6 da 08 08 22 11 20 20 22
11 00 82 a0   03 00 00 00 00 00 02 80 00 00 01 00 00 00 00 00
10 00 80 0f   00 00 00